

             0000000000000000000000000
         066             000000000000000
        000                2000000000000
        00000000000000000000000000000000
         0000000000000000000000000000000
         000000000000000000000000000000
          00000000000000000000000000000
          00000000000000000000000000000
          000000000000000000000000000000
      000200000000000000000000000000000000000
    006    00000000000000000000000000000000000
   0       000000000000000000000000000000000000
   0000     00000000000000000000000000000000000
   0000000000000000000000000000000000000000000
    00000000000000000000000000000000000000000
       00000000000000000000000000000000000
