

                                                        
        00          007              000       00     04
       0000000000  00000000000       000       004   500
     3004 000    7000 400            000      700     00
    0001   000  0003   9005       000000000   000     000
    20      0   10      61           000     000       000
               000                  70000   000   008   000
     700000000000000000000000       000000 000   000     000
     700000000000000000000000      000007001     001     
         807          1007        600000  1     000   0
         4007         000        900 000       800   800
          000        000         80  000       00     008
           000       00              000      005      00
    11111111111111110011111111       000     0080000000000
    00000000000000000000000000       000     0008       00
